#	X	generator	imperatywna	skladana	funkcyjna
100	8.998560006148181e-05	8.872729995346162e-05	9.800359994187602e-05	0.0001282309000089299
200	0.0002618329000142694	0.0002848447999895143	0.0004813199000636814	0.0003121224999631522
300	0.000477019800018752	0.0005336995000106981	0.0005172928999854776	0.0005443441999887
400	0.0008227210000768537	0.0008601346999967064	0.0008845340999869223	0.0008867724000083399
500	0.0013742275999902632	0.0015052056000058656	0.0013074581999717339	0.0013317705000190471
600	0.00169050389995391	0.002002481199997419	0.0018582866000542708	0.0018446901999595866
700	0.002590949699970224	0.0025985398000557326	0.0025396891000127654	0.002517929600071511
800	0.003041809799924522	0.0032296708000103536	0.003249739200055046	0.003153119200032961
900	0.003700506099994527	0.0038851731999784535	0.0038652391000141505	0.0037778973000058614
